Eesti_Reformierakond 12111 10000 5965 8963 18796 6583 7854 9685 17560 5763 25633 16232
Eesti_Keskerakond 10111 9080 5965 4963 1796 16583 8854 3685 1720 5763 2633 29618 3620
Eesti_Konservatiivne_Rahvaerakond 2011 2070 4965 4363 2796 1583 7854 1685 1520 6763 1633 23618 620
Isamaa_Erakond 3071 1587 4965 6663 7796 153 854 4585 2520 1763 2633 2318 20
Sotsiaaldemokraatlik_Erakond 2071 1087 2965 3663 5796 7153 54 3585 520 4763 633 318 4220
Erakond_Eesti_200 1021 2387 1965 3663 3796 4153 3454 585 2520 763 1633 2318 220
Erakond_Eestimaa_Rohelised 21 2387 965 663 396 415 454 55 520 7063 633 218 22
Elurikkuse_Erakond 21 2387 965 663 396 415 454 55 520 7063 633 218 22
Eesti_Vabaerakond 201 287 95 663 1396 4015 54 550 20 763 63 21 221
Üksikkandidaadid 21 187 95 663 196 415 54 50 20 76 63 21 22
Eestimaa_Ühendatud_Vasakpartei 75 287 95 663 136 401 54 50 20 73 63 21 241
